147.9447937012 0.0000000000
151.6526184082 15.0000000000
155.3655548096 30.0000000000
159.0407257080 45.0000000000
162.7262268066 60.0000000000
166.4003601074 75.0000000000
170.1026916504 90.0000000000
173.7995758057 105.0000000000
177.4459991455 120.0000000000
181.1484985352 135.0000000000
184.8779449463 150.0000000000
188.5633087158 165.0000000000
192.2487335205 180.0000000000
195.9286041260 195.0000000000
199.6412353516 210.0000000000
203.3381195068 225.0000000000
207.0232086182 240.0000000000
210.6975097656 255.0000000000
214.3711090088 270.0000000000
218.0397338867 285.0000000000
221.7248382568 300.0000000000
225.4456787109 315.0000000000
229.1136932373 330.0000000000
232.8099060059 345.0000000000
236.5119476318 360.0000000000
