37.6002807617 1.0000000000
37.5170936584 16.0000000000
37.4509239197 31.0000000000
37.4067802429 46.0000000000
37.3408088684 61.0000000000
37.3132247925 76.0000000000
37.2742118835 91.0000000000
37.2353172302 106.0000000000
37.2027931213 121.0000000000
37.1028556824 136.0000000000
37.0037040710 151.0000000000
36.9478416443 166.0000000000
36.8538818359 181.0000000000
36.7486190796 196.0000000000
36.6545639038 211.0000000000
36.5490760803 226.0000000000
36.4601478577 241.0000000000
36.3938560486 256.0000000000
36.3271598816 271.0000000000
36.2441024780 286.0000000000
36.1829719543 301.0000000000
36.1332969666 316.0000000000
36.0993652344 331.0000000000
36.0720214844 346.0000000000
36.0275802612 361.0000000000
35.9829940796 376.0000000000
35.9217910767 391.0000000000
35.8717918396 406.0000000000
35.8218917847 421.0000000000
35.7997970581 436.0000000000
35.7605590820 451.0000000000
35.7273368835 466.0000000000
35.6828308105 481.0000000000
35.6103515625 496.0000000000
35.5160713196 511.0000000000
35.4154739380 526.0000000000
35.3320083618 541.0000000000
35.2260627747 556.0000000000
35.1533813477 571.0000000000
35.0643234253 586.0000000000
34.9916267395 601.0000000000
34.9248390198 616.0000000000
34.8578109741 631.0000000000
34.7626609802 646.0000000000
34.6954307556 661.0000000000
34.6453323364 676.0000000000
34.5895805359 691.0000000000
34.5447006226 706.0000000000
34.4945487976 721.0000000000
34.4272308350 736.0000000000
34.3878402710 751.0000000000
34.3267364502 766.0000000000
34.2703056335 781.0000000000
34.2198257446 796.0000000000
34.1919860840 811.0000000000
34.1417846680 826.0000000000
34.0573272705 841.0000000000
33.9789352417 856.0000000000
33.9232254028 871.0000000000
33.8611831665 886.0000000000
33.8386001587 901.0000000000
33.8276023865 916.0000000000
33.7434883118 931.0000000000
33.6817016602 946.0000000000
33.6422042847 961.0000000000
33.5130920410 976.0000000000
33.4738426208 991.0000000000
33.4290199280 1006.0000000000
33.3728294373 1021.0000000000
33.3275833130 1036.0000000000
33.2769737244 1051.0000000000
33.2263679504 1066.0000000000
33.1532096863 1081.0000000000
33.1138000488 1096.0000000000
33.0575370789 1111.0000000000
33.0234832764 1126.0000000000
32.9898338318 1141.0000000000
32.9618225098 1156.0000000000
32.9053344727 1171.0000000000
32.8433876038 1186.0000000000
32.7643432617 1201.0000000000
32.7249679565 1216.0000000000
32.6514854431 1231.0000000000
32.6061210632 1246.0000000000
32.5726356506 1261.0000000000
32.4821014404 1276.0000000000
32.4483261108 1291.0000000000
32.3973617554 1306.0000000000
32.3520469666 1321.0000000000
32.2335510254 1336.0000000000
32.1828079224 1351.0000000000
32.1319313049 1366.0000000000
32.0468635559 1381.0000000000
32.0242691040 1396.0000000000
31.9623031616 1411.0000000000
31.8770351410 1426.0000000000
31.8542900085 1441.0000000000
31.7636661530 1456.0000000000
31.6900424957 1471.0000000000
31.6277065277 1486.0000000000
31.5484447479 1501.0000000000
31.5029048920 1516.0000000000
31.4288578033 1531.0000000000
31.3323421478 1546.0000000000
31.2245140076 1561.0000000000
31.1280574799 1576.0000000000
31.0423965454 1591.0000000000
30.9971637726 1606.0000000000
30.9173870087 1621.0000000000
30.8375759125 1636.0000000000
30.7354660034 1651.0000000000
30.6438274384 1666.0000000000
30.5245800018 1681.0000000000
30.4389533997 1696.0000000000
30.3876552582 1711.0000000000
30.3304100037 1726.0000000000
30.2219524384 1741.0000000000
30.1646385193 1756.0000000000
30.0562210083 1771.0000000000
29.9649028778 1786.0000000000
29.9305686951 1801.0000000000
29.8958358765 1816.0000000000
29.8048820496 1831.0000000000
29.7072277069 1846.0000000000
29.6333141327 1861.0000000000
29.5299606323 1876.0000000000
29.4153842926 1891.0000000000
29.3173713684 1906.0000000000
29.2263240814 1921.0000000000
29.1459636688 1936.0000000000
29.0705718994 1951.0000000000
29.0252456665 1966.0000000000
28.9389019012 1981.0000000000
28.8236904144 1996.0000000000
28.7431983948 2011.0000000000
28.7145614624 2026.0000000000
28.6282100677 2041.0000000000
28.5992755890 2056.0000000000
28.5128421783 2071.0000000000
28.4551048279 2086.0000000000
28.4096965790 2101.0000000000
28.3460865021 2116.0000000000
28.2940807343 2131.0000000000
28.2594528198 2146.0000000000
28.2246398926 2161.0000000000
28.1787567139 2176.0000000000
28.1499347687 2191.0000000000
28.0694942474 2206.0000000000
28.0635185242 2221.0000000000
27.9706478119 2236.0000000000
27.9420471191 2251.0000000000
27.8843135834 2266.0000000000
27.8035068512 2281.0000000000
27.7218341827 2296.0000000000
27.6530151367 2311.0000000000
27.5949096680 2326.0000000000
27.5542297363 2341.0000000000
27.5193214417 2356.0000000000
