42.2312698364 0.0000000000
42.7165374756 15.0000000000
43.2516670227 30.0000000000
43.7701873779 45.0000000000
44.3168792725 60.0000000000
44.8021240234 75.0000000000
45.3206748962 90.0000000000
45.8724517822 106.0000000000
46.3958320618 121.0000000000
46.9475593567 136.0000000000
47.4391860962 151.0000000000
47.9190483093 166.0000000000
48.4259109497 181.0000000000
48.9222755432 196.0000000000
49.4188766479 211.0000000000
49.9268722534 226.0000000000
50.4183387756 241.0000000000
50.9247436523 256.0000000000
51.4109878540 271.0000000000
51.8906402588 286.0000000000
52.3869056702 301.0000000000
52.8998184204 316.0000000000
53.4398727417 331.0000000000
53.9695243835 346.0000000000
54.4773292542 361.0000000000
55.0171585083 376.0000000000
55.5235900879 391.0000000000
56.0144767761 406.0000000000
56.5273323059 421.0000000000
57.0181159973 436.0000000000
57.5361518860 451.0000000000
58.0268669128 466.0000000000
58.5060768127 481.0000000000
58.9916801453 496.0000000000
59.4656333923 511.0000000000
59.9729652405 526.0000000000
60.5347633362 541.0000000000
61.0252685547 556.0000000000
61.5596961975 571.0000000000
62.0943679810 586.0000000000
62.6067543030 601.0000000000
63.1465339661 616.0000000000
63.6589736938 631.0000000000
64.1766738892 646.0000000000
64.7058792114 661.0000000000
65.1909561157 676.0000000000
65.6643829346 691.0000000000
66.1767883301 706.0000000000
66.6553497314 721.0000000000
67.1844940186 736.0000000000
67.7188796997 751.0000000000
68.2258148193 766.0000000000
68.7484588623 781.0000000000
69.2555084229 796.0000000000
69.7951049805 811.0000000000
70.2628479004 826.0000000000
70.8140563965 841.0000000000
71.3375854492 856.0000000000
71.8105316162 871.0000000000
72.3056869507 886.0000000000
72.8070526123 901.0000000000
73.3137054443 916.0000000000
73.8143081665 931.0000000000
74.3260726929 946.0000000000
74.8549499512 961.0000000000
75.3612823486 976.0000000000
75.8676834106 991.0000000000
76.4295196533 1006.0000000000
76.9468841553 1021.0000000000
77.4977035522 1036.0000000000
78.0370559692 1051.0000000000
78.5213470459 1066.0000000000
79.0220489502 1081.0000000000
79.5225524902 1096.0000000000
80.0232696533 1111.0000000000
80.5518646240 1126.0000000000
81.0581130981 1141.0000000000
81.5360183716 1156.0000000000
82.1037521362 1171.0000000000
82.5875625610 1186.0000000000
83.0768203735 1201.0000000000
83.5605316162 1216.0000000000
84.0776290894 1231.0000000000
84.6005325317 1246.0000000000
85.1399154663 1261.0000000000
85.6626892090 1276.0000000000
86.1742324829 1291.0000000000
86.7079849243 1306.0000000000
87.2139892578 1321.0000000000
87.7309646606 1336.0000000000
88.2704544067 1351.0000000000
88.7542343140 1366.0000000000
89.3551559448 1381.0000000000
89.8721313477 1396.0000000000
90.3833465576 1411.0000000000
90.8891525269 1426.0000000000
91.4118957520 1441.0000000000
91.9121017456 1456.0000000000
92.4232177734 1471.0000000000
92.9176712036 1486.0000000000
93.3953628540 1501.0000000000
93.9009170532 1516.0000000000
94.4010848999 1531.0000000000
94.8841094971 1546.0000000000
95.4176864624 1561.0000000000
95.9119796753 1576.0000000000
96.4005737305 1591.0000000000
96.9117202759 1606.0000000000
97.4115829468 1621.0000000000
97.9225540161 1636.0000000000
98.3941726685 1651.0000000000
98.8997344971 1666.0000000000
99.3654479980 1681.0000000000
99.8426208496 1696.0000000000
100.4042282104 1711.0000000000
100.8869171143 1726.0000000000
101.4259796143 1741.0000000000
101.9424972534 1756.0000000000
102.4590301514 1771.0000000000
102.9301834106 1786.0000000000
103.4183883667 1801.0000000000
103.9178009033 1816.0000000000
104.4341430664 1831.0000000000
104.9617309570 1846.0000000000
105.4893798828 1861.0000000000
106.0168762207 1876.0000000000
106.5729675293 1891.0000000000
107.0779342651 1906.0000000000
107.6112670898 1921.0000000000
108.0821456909 1936.0000000000
108.5754852295 1951.0000000000
109.0918502808 1966.0000000000
109.5736618042 1981.0000000000
110.0900955200 1996.0000000000
110.5891876221 2011.0000000000
111.0880355835 2026.0000000000
111.6213989258 2041.0000000000
112.1599807739 2056.0000000000
112.7101593018 2071.0000000000
113.2659606934 2086.0000000000
113.7648162842 2101.0000000000
114.3149795532 2116.0000000000
114.8539733887 2131.0000000000
115.3813934326 2146.0000000000
115.8971328735 2161.0000000000
116.3734817505 2176.0000000000
116.8891220093 2191.0000000000
117.4450454712 2206.0000000000
117.9949569702 2221.0000000000
118.5111923218 2236.0000000000
119.0496902466 2251.0000000000
119.5711059570 2266.0000000000
120.1211395264 2281.0000000000
120.6712265015 2296.0000000000
121.1984100342 2311.0000000000
121.6972732544 2326.0000000000
122.2245101929 2341.0000000000
122.7400665283 2356.0000000000
123.2442855835 2371.0000000000
123.7659454346 2386.0000000000
124.2585372925 2401.0000000000
124.7460250854 2416.0000000000
125.2445907593 2431.0000000000
125.7314605713 2446.0000000000
126.2467803955 2461.0000000000
126.7453155518 2476.0000000000
127.2037277222 2491.0000000000
127.7360610962 2506.0000000000
128.2174530029 2521.0000000000
128.7158813477 2536.0000000000
129.1964416504 2551.0000000000
129.7006225586 2566.0000000000
130.2098236084 2581.0000000000
130.7081756592 2596.0000000000
131.2182159424 2611.0000000000
131.7332153320 2626.0000000000
132.2481994629 2641.0000000000
132.7464294434 2656.0000000000
133.2613830566 2671.0000000000
133.7823333740 2686.0000000000
134.3320312500 2701.0000000000
134.8649139404 2716.0000000000
135.3968048096 2731.0000000000
135.9296569824 2746.0000000000
136.4216918945 2761.0000000000
136.9425659180 2776.0000000000
137.4345703125 2791.0000000000
137.9781188965 2806.0000000000
138.5278320312 2821.0000000000
139.0485534668 2836.0000000000
139.6104736328 2851.0000000000
140.1023101807 2866.0000000000
140.6399993896 2881.0000000000
141.1726531982 2896.0000000000
141.7103118896 2911.0000000000
142.2720947266 2926.0000000000
142.7458496094 2941.0000000000
143.2557983398 2956.0000000000
143.7871398926 2971.0000000000
144.3020324707 2986.0000000000
144.8058624268 3001.0000000000
145.2852935791 3016.0000000000
145.7999572754 3031.0000000000
146.2917480469 3046.0000000000
146.7664947510 3061.0000000000
147.2628936768 3076.0000000000
147.7604827881 3091.0000000000
148.2750396729 3106.0000000000
148.8016204834 3121.0000000000
149.2870635986 3136.0000000000
149.8184509277 3151.0000000000
150.3632812500 3166.0000000000
150.8714294434 3181.0000000000
151.3919525146 3196.0000000000
151.8773498535 3211.0000000000
152.3858032227 3226.0000000000
152.8771514893 3241.0000000000
153.3393554688 3256.0000000000
153.8536376953 3271.0000000000
154.3204498291 3286.0000000000
154.8284149170 3301.0000000000
155.3611145020 3316.0000000000
155.8813629150 3332.0000000000
156.4186706543 3347.0000000000
156.9327545166 3362.0000000000
157.4884490967 3377.0000000000
158.0254669189 3392.0000000000
158.5626373291 3407.0000000000
159.0890502930 3422.0000000000
159.6260681152 3437.0000000000
160.1818847656 3452.0000000000
160.6958465576 3467.0000000000
161.2514190674 3482.0000000000
161.8070068359 3497.0000000000
162.3501892090 3512.0000000000
162.8519439697 3527.0000000000
163.2951965332 3542.0000000000
163.8276214600 3557.0000000000
164.3523101807 3572.0000000000
164.8787994385 3587.0000000000
165.4156646729 3602.0000000000
165.9358673096 3617.0000000000
166.4851379395 3632.0000000000
167.0345458984 3647.0000000000
167.5838928223 3662.0000000000
168.0916137695 3677.0000000000
168.5764007568 3692.0000000000
169.0778198242 3707.0000000000
169.5623168945 3722.0000000000
170.0220489502 3737.0000000000
170.5128326416 3752.0000000000
171.0142669678 3767.0000000000
171.5279388428 3782.0000000000
172.0543060303 3797.0000000000
172.5555419922 3812.0000000000
173.0734405518 3827.0000000000
173.5516052246 3842.0000000000
174.0365447998 3857.0000000000
174.5604248047 3872.0000000000
175.0385894775 3887.0000000000
175.5521850586 3902.0000000000
176.0135345459 3917.0000000000
176.5374145508 3932.0000000000
177.0092163086 3947.0000000000
177.5582122803 3962.0000000000
178.0779724121 3977.0000000000
178.5854339600 3992.0000000000
179.1092681885 4007.0000000000
179.5935211182 4022.0000000000
180.1069335938 4037.0000000000
180.6205749512 4052.0000000000
181.1086425781 4067.0000000000
181.6036376953 4082.0000000000
182.1108093262 4097.0000000000
182.6178436279 4112.0000000000
183.1083526611 4127.0000000000
183.5796203613 4142.0000000000
184.0674896240 4157.0000000000
184.5514526367 4172.0000000000
185.0328826904 4187.0000000000
185.5105438232 4202.0000000000
186.0304565430 4217.0000000000
186.5833587646 4232.0000000000
187.0251159668 4247.0000000000
187.5319824219 4262.0000000000
188.0520477295 4277.0000000000
188.6177520752 4292.0000000000
189.0953216553 4307.0000000000
189.5368652344 4322.0000000000
190.0014038086 4337.0000000000
190.5311584473 4352.0000000000
191.0612030029 4367.0000000000
191.5909881592 4382.0000000000
192.0847930908 4397.0000000000
192.7186584473 4412.0000000000
193.2187194824 4427.0000000000
193.7550964355 4442.0000000000
194.2749633789 4457.0000000000
194.7493591309 4472.0000000000
195.2432403564 4487.0000000000
195.7859344482 4502.0000000000
196.2761230469 4517.0000000000
196.7633514404 4532.0000000000
197.2375793457 4547.0000000000
197.7082366943 4562.0000000000
198.2149963379 4577.0000000000
198.6956787109 4592.0000000000
199.2382049561 4607.0000000000
199.7382202148 4622.0000000000
200.2808380127 4637.0000000000
200.8104095459 4652.0000000000
201.3787689209 4667.0000000000
201.9085693359 4682.0000000000
202.4021453857 4697.0000000000
202.8827819824 4712.0000000000
203.4381713867 4727.0000000000
203.9678497314 4742.0000000000
204.5103912354 4757.0000000000
205.0399780273 4772.0000000000
205.5824737549 4787.0000000000
206.1120300293 4802.0000000000
206.5693206787 4817.0000000000
207.0692443848 4832.0000000000
207.5727996826 4847.0000000000
208.0724945068 4862.0000000000
208.5429534912 4877.0000000000
209.0526885986 4892.0000000000
209.5526428223 4907.0000000000
210.0524444580 4922.0000000000
210.5753173828 4937.0000000000
211.0882263184 4952.0000000000
211.5978088379 4967.0000000000
212.0978851318 4982.0000000000
212.5975646973 4997.0000000000
213.0780029297 5012.0000000000
213.6267395020 5027.0000000000
214.1197357178 5042.0000000000
214.6590423584 5057.0000000000
215.1787261963 5072.0000000000
215.6880493164 5087.0000000000
216.2174224854 5102.0000000000
216.7304229736 5117.0000000000
217.2530975342 5132.0000000000
217.7690429688 5147.0000000000
218.2619934082 5162.0000000000
218.7485504150 5177.0000000000
219.2282104492 5192.0000000000
219.7480773926 5207.0000000000
220.2276763916 5222.0000000000
220.7173614502 5237.0000000000
221.2168884277 5252.0000000000
221.6898498535 5267.0000000000
222.2390594482 5282.0000000000
222.7483062744 5297.0000000000
223.2182006836 5312.0000000000
223.7570800781 5327.0000000000
224.2432708740 5342.0000000000
224.7133026123 5357.0000000000
225.2091522217 5372.0000000000
225.6954956055 5387.0000000000
226.1882781982 5402.0000000000
226.7336883545 5417.0000000000
227.2264709473 5432.0000000000
227.7821960449 5447.0000000000
228.2845764160 5462.0000000000
228.8069610596 5477.0000000000
229.3293914795 5492.0000000000
229.8581542969 5507.0000000000
230.3873291016 5522.0000000000
230.9361419678 5537.0000000000
231.4719085693 5552.0000000000
232.0103607178 5567.0000000000
232.5526428223 5582.0000000000
233.0818023682 5597.0000000000
233.6242523193 5612.0000000000
234.1332550049 5627.0000000000
234.6551361084 5642.0000000000
235.1909027100 5657.0000000000
235.6996612549 5672.0000000000
236.2126159668 5687.0000000000
236.7414245605 5702.0000000000
237.2932128906 5717.0000000000
237.8087921143 5732.0000000000
238.3310241699 5747.0000000000
238.8234863281 5762.0000000000
239.3027954102 5777.0000000000
239.7848205566 5792.0000000000
240.2841949463 5807.0000000000
240.7861938477 5822.0000000000
241.2856140137 5837.0000000000
241.7517242432 5852.0000000000
242.2469635010 5867.0000000000
242.7489318848 5882.0000000000
243.2483367920 5897.0000000000
243.7137145996 5912.0000000000
244.2022094727 5927.0000000000
244.7445220947 5942.0000000000
245.2395019531 5957.0000000000
245.7682952881 5972.0000000000
246.2903594971 5987.0000000000
246.7922515869 6002.0000000000
247.3049926758 6017.0000000000
247.8201446533 6032.0000000000
248.3650970459 6047.0000000000
248.9005279541 6062.0000000000
249.4157562256 6077.0000000000
249.9244232178 6092.0000000000
250.4259796143 6107.0000000000
250.9120941162 6122.0000000000
251.4000549316 6137.0000000000
251.8519134521 6152.0000000000
252.3377075195 6167.0000000000
252.8257751465 6182.0000000000
253.3114471436 6197.0000000000
253.7494049072 6212.0000000000
254.2874145508 6227.0000000000
254.8162078857 6242.0000000000
255.3653869629 6257.0000000000
255.8599853516 6272.0000000000
256.3955688477 6287.0000000000
256.9039611816 6302.0000000000
257.3781433105 6317.0000000000
257.8570861816 6332.0000000000
258.3586425781 6347.0000000000
258.8395690918 6362.0000000000
259.3545532227 6377.0000000000
259.8766174316 6392.0000000000
260.3983154297 6407.0000000000
260.9202880859 6422.0000000000
261.4010925293 6437.0000000000
262.0001831055 6452.0000000000
262.5085754395 6467.0000000000
263.0169372559 6482.0000000000
263.4841003418 6497.0000000000
263.9560241699 6513.0000000000
264.4798278809 6528.0000000000
264.9845275879 6543.0000000000
265.4377136230 6558.0000000000
265.9595031738 6573.0000000000
266.4608154297 6588.0000000000
266.9552001953 6603.0000000000
267.3800659180 6618.0000000000
267.8868408203 6633.0000000000
268.4155273438 6648.0000000000
268.9440307617 6663.0000000000
269.4765014648 6678.0000000000
270.0213012695 6693.0000000000
270.4240722656 6708.0000000000
270.9386596680 6723.0000000000
271.4403076172 6738.0000000000
271.9618225098 6753.0000000000
272.4348144531 6768.0000000000
272.9440612793 6783.0000000000
273.4450378418 6798.0000000000
273.9255371094 6813.0000000000
274.4976806641 6828.0000000000
275.0264587402 6843.0000000000
275.5427856445 6858.0000000000
276.0646362305 6873.0000000000
276.5656127930 6888.0000000000
277.0892639160 6903.0000000000
277.6246337891 6918.0000000000
278.1393737793 6933.0000000000
278.6901550293 6948.0000000000
279.2191162109 6963.0000000000
279.7424316406 6978.0000000000
280.2365722656 6993.0000000000
280.7102050781 7008.0000000000
281.1973876953 7023.0000000000
281.7121582031 7038.0000000000
282.1994934082 7053.0000000000
282.7160034180 7068.0000000000
283.1875915527 7083.0000000000
283.7110595703 7098.0000000000
284.1706848145 7113.0000000000
284.6925659180 7128.0000000000
285.2364807129 7143.0000000000
285.7585144043 7158.0000000000
286.2816467285 7173.0000000000
286.7826232910 7188.0000000000
287.3042602539 7203.0000000000
287.8206787109 7218.0000000000
288.3355407715 7233.0000000000
288.8295898438 7248.0000000000
289.3251342773 7263.0000000000
289.8258972168 7278.0000000000
290.3266906738 7293.0000000000
290.8140258789 7308.0000000000
291.2872924805 7323.0000000000
291.7895507812 7338.0000000000
292.2560729980 7353.0000000000
292.7778320312 7368.0000000000
293.2800903320 7383.0000000000
293.8156127930 7398.0000000000
294.3456726074 7413.0000000000
294.8963623047 7428.0000000000
295.3973693848 7443.0000000000
295.9191894531 7458.0000000000
296.4214172363 7473.0000000000
296.9584350586 7488.0000000000
297.4454650879 7503.0000000000
297.9257202148 7518.0000000000
298.4486083984 7533.0000000000
298.9916992188 7548.0000000000
299.4658813477 7563.0000000000
299.9739074707 7578.0000000000
300.4900512695 7593.0000000000
301.0187072754 7608.0000000000
301.5484619141 7623.0000000000
302.0775451660 7638.0000000000
302.6142883301 7653.0000000000
303.1580505371 7668.0000000000
303.7017517090 7683.0000000000
304.2591552734 7698.0000000000
304.7742309570 7713.0000000000
305.3247375488 7728.0000000000
305.8187561035 7743.0000000000
306.3135070801 7758.0000000000
306.8148498535 7773.0000000000
307.2958068848 7788.0000000000
307.7968750000 7803.0000000000
308.2987976074 7818.0000000000
308.8136291504 7833.0000000000
309.3224182129 7848.0000000000
309.8305969238 7863.0000000000
310.3601684570 7878.0000000000
310.8898925781 7893.0000000000
311.4267883301 7908.0000000000
311.9416198730 7923.0000000000
312.4713134766 7938.0000000000
312.9942626953 7953.0000000000
313.5298767090 7968.0000000000
314.0598449707 7983.0000000000
314.5406799316 7998.0000000000
315.0346984863 8013.0000000000
315.5715026855 8028.0000000000
316.0733337402 8043.0000000000
316.6231994629 8058.0000000000
317.1110229492 8073.0000000000
317.5911254883 8088.0000000000
318.0858459473 8103.0000000000
318.5877075195 8118.0000000000
319.0679931641 8133.0000000000
319.5417480469 8148.0000000000
320.0216369629 8163.0000000000
320.5028381348 8178.0000000000
320.9973144531 8193.0000000000
321.4913024902 8208.0000000000
321.9721374512 8223.0000000000
322.4663696289 8238.0000000000
322.9819641113 8253.0000000000
323.4768066406 8268.0000000000
323.9504699707 8283.0000000000
324.5289001465 8298.0000000000
325.0440368652 8313.0000000000
325.5317993164 8328.0000000000
326.0683593750 8343.0000000000
326.6189880371 8358.0000000000
327.1204833984 8373.0000000000
327.6358642578 8388.0000000000
328.1515197754 8403.0000000000
328.6879272461 8418.0000000000
329.2175598145 8433.0000000000
329.7403259277 8448.0000000000
330.2558593750 8463.0000000000
330.7922973633 8478.0000000000
331.3217773438 8493.0000000000
331.8794555664 8508.0000000000
332.4157104492 8523.0000000000
332.9454345703 8538.0000000000
333.4610290527 8553.0000000000
333.9766845703 8568.0000000000
334.5130615234 8583.0000000000
335.0079345703 8598.0000000000
335.5370788574 8613.0000000000
336.0666809082 8628.0000000000
336.5402221680 8643.0000000000
337.0908508301 8658.0000000000
337.5993652344 8673.0000000000
338.0591430664 8688.0000000000
338.6027221680 8703.0000000000
339.1531066895 8718.0000000000
339.6965942383 8733.0000000000
340.1773376465 8748.0000000000
340.7138977051 8763.0000000000
341.2433166504 8778.0000000000
341.8008422852 8793.0000000000
342.3304748535 8808.0000000000
342.8457336426 8823.0000000000
343.3824462891 8838.0000000000
343.9120178223 8853.0000000000
344.4625244141 8868.0000000000
345.0199584961 8883.0000000000
345.5917358398 8898.0000000000
346.0933837891 8913.0000000000
346.5807495117 8928.0000000000
347.1033325195 8943.0000000000
347.6047668457 8958.0000000000
348.1206665039 8973.0000000000
348.6289672852 8988.0000000000
349.1444396973 9003.0000000000
349.6950683594 9018.0000000000
350.2106628418 9033.0000000000
350.7680358887 9048.0000000000
351.2557983398 9063.0000000000
351.7644958496 9078.0000000000
352.2587585449 9093.0000000000
352.7534484863 9108.0000000000
353.2619628906 9123.0000000000
353.7844238281 9138.0000000000
354.3209228516 9153.0000000000
354.8086547852 9168.0000000000
355.3381042480 9183.0000000000
355.8815612793 9198.0000000000
356.4251098633 9213.0000000000
356.9055786133 9228.0000000000
357.4421997070 9243.0000000000
358.0068969727 9258.0000000000
358.5221862793 9273.0000000000
359.0518798828 9288.0000000000
359.5673217773 9303.0000000000
360.0620117188 9318.0000000000
360.5545959473 9333.0000000000
361.1322631836 9348.0000000000
361.6999206543 9363.0000000000
362.2129516602 9378.0000000000
362.7146911621 9393.0000000000
363.2302246094 9408.0000000000
363.7108154297 9423.0000000000
364.2542724609 9438.0000000000
364.7652893066 9453.0000000000
365.1805725098 9468.0000000000
365.7052917480 9483.0000000000
366.1858520508 9498.0000000000
366.6942138672 9513.0000000000
367.2142639160 9528.0000000000
367.7579040527 9543.0000000000
368.2312622070 9558.0000000000
368.7185058594 9573.0000000000
369.2510375977 9588.0000000000
369.7082519531 9603.0000000000
370.2657165527 9618.0000000000
370.7461853027 9633.0000000000
371.2472229004 9648.0000000000
371.7488708496 9663.0000000000
372.2579345703 9679.0000000000
372.7455139160 9694.0000000000
373.2258300781 9709.0000000000
373.7346801758 9724.0000000000
374.2572326660 9739.0000000000
374.7443542480 9754.0000000000
375.2531127930 9769.0000000000
375.7617797852 9784.0000000000
376.2490844727 9799.0000000000
376.7575988770 9814.0000000000
377.2872619629 9829.0000000000
377.8170776367 9844.0000000000
378.3182983398 9859.0000000000
378.8267517090 9874.0000000000
379.3287048340 9889.0000000000
379.8647155762 9904.0000000000
380.4010620117 9919.0000000000
380.9307250977 9934.0000000000
381.4117736816 9949.0000000000
381.9059448242 9964.0000000000
382.3937683105 9979.0000000000
382.9089965820 9994.0000000000
383.4034729004 10009.0000000000
383.8837280273 10024.0000000000
384.3787841797 10039.0000000000
384.8376464844 10054.0000000000
385.3254394531 10069.0000000000
385.8401794434 10084.0000000000
386.3700561523 10099.0000000000
386.9000854492 10114.0000000000
387.4287109375 10129.0000000000
388.0798645020 10144.0000000000
388.5602722168 10159.0000000000
389.0965576172 10174.0000000000
389.5915832520 10189.0000000000
390.1208496094 10204.0000000000
390.6647644043 10219.0000000000
391.1448974609 10234.0000000000
391.6673889160 10249.0000000000
392.1903991699 10264.0000000000
392.6912231445 10279.0000000000
393.2139892578 10294.0000000000
393.6800842285 10309.0000000000
394.1465148926 10324.0000000000
394.6974792480 10339.0000000000
395.2053833008 10354.0000000000
395.7425537109 10369.0000000000
396.2653198242 10384.0000000000
396.7800903320 10399.0000000000
397.3309936523 10414.0000000000
397.8468627930 10429.0000000000
398.3894042969 10444.0000000000
398.9333496094 10459.0000000000
399.4559326172 10474.0000000000
399.9501037598 10489.0000000000
400.4440307617 10504.0000000000
400.9738464355 10519.0000000000
401.4886474609 10534.0000000000
402.0187377930 10549.0000000000
402.5198059082 10564.0000000000
403.0222167969 10579.0000000000
403.5299377441 10594.0000000000
404.0308227539 10609.0000000000
404.5192565918 10624.0000000000
405.0131530762 10639.0000000000
405.5006408691 10654.0000000000
405.9942932129 10669.0000000000
406.4745178223 10684.0000000000
406.9907226562 10699.0000000000
407.4709167480 10714.0000000000
407.9582519531 10729.0000000000
408.5301818848 10744.0000000000
409.0099792480 10759.0000000000
409.5245666504 10774.0000000000
410.0129394531 10789.0000000000
410.5419616699 10804.0000000000
411.0427551270 10819.0000000000
411.5227966309 10834.0000000000
412.0397033691 10849.0000000000
412.5542602539 10864.0000000000
413.1122436523 10879.0000000000
413.6203308105 10894.0000000000
414.1292419434 10909.0000000000
414.6306762695 10924.0000000000
415.1242370605 10939.0000000000
415.6325073242 10954.0000000000
416.1694641113 10969.0000000000
416.6844177246 10984.0000000000
417.1716003418 10999.0000000000
417.6657409668 11014.0000000000
418.1876525879 11029.0000000000
418.7109069824 11044.0000000000
419.2328796387 11059.0000000000
419.7701721191 11074.0000000000
420.3126831055 11089.0000000000
420.8205871582 11104.0000000000
421.3079833984 11119.0000000000
421.7812500000 11134.0000000000
422.2824401855 11149.0000000000
422.8062133789 11164.0000000000
423.3541870117 11179.0000000000
423.8150634766 11194.0000000000
424.3306579590 11209.0000000000
424.8525695801 11224.0000000000
425.3522338867 11239.0000000000
425.8569641113 11254.0000000000
426.3352355957 11269.0000000000
426.8654479980 11284.0000000000
427.4010925293 11299.0000000000
427.9161071777 11314.0000000000
428.4585266113 11329.0000000000
428.9203491211 11344.0000000000
429.4353027344 11359.0000000000
429.9432678223 11374.0000000000
430.4154052734 11389.0000000000
430.9096374512 11404.0000000000
431.3903503418 11419.0000000000
431.8779296875 11434.0000000000
432.4133911133 11449.0000000000
432.8648681641 11464.0000000000
433.3955383301 11479.0000000000
433.8811950684 11494.0000000000
434.4255676270 11509.0000000000
434.9338378906 11524.0000000000
435.4556579590 11539.0000000000
435.9861145020 11554.0000000000
436.5211181641 11569.0000000000
437.0357360840 11584.0000000000
437.5711364746 11599.0000000000
438.0882263184 11614.0000000000
438.6168212891 11629.0000000000
439.1520996094 11644.0000000000
439.6738281250 11659.0000000000
440.1980285645 11674.0000000000
440.6835937500 11689.0000000000
441.1784362793 11704.0000000000
441.6732482910 11719.0000000000
442.1812133789 11734.0000000000
442.6669006348 11749.0000000000
443.1549682617 11764.0000000000
443.6497192383 11779.0000000000
444.1349487305 11794.0000000000
444.6366882324 11809.0000000000
445.1156921387 11824.0000000000
445.6307983398 11839.0000000000
446.1185607910 11854.0000000000
446.5978088379 11869.0000000000
447.0857543945 11884.0000000000
447.5870361328 11899.0000000000
448.1297302246 11914.0000000000
448.5812683105 11929.0000000000
449.0609741211 11944.0000000000
449.5764160156 11959.0000000000
450.0846862793 11974.0000000000
450.6776428223 11989.0000000000
451.1849060059 12004.0000000000
451.6568908691 12019.0000000000
452.1449890137 12034.0000000000
452.6673889160 12049.0000000000
453.1688537598 12064.0000000000
453.6682434082 12079.0000000000
454.1903381348 12094.0000000000
454.7418212891 12109.0000000000
455.2638244629 12124.0000000000
455.8358764648 12139.0000000000
456.3513488770 12154.0000000000
456.8641967773 12169.0000000000
457.3457336426 12184.0000000000
457.8380432129 12199.0000000000
458.3175354004 12214.0000000000
458.8326416016 12229.0000000000
459.3345336914 12244.0000000000
459.8274536133 12259.0000000000
460.3563232422 12274.0000000000
460.8877258301 12289.0000000000
461.4006042480 12304.0000000000
461.9093322754 12319.0000000000
462.4314270020 12334.0000000000
462.9243164062 12349.0000000000
463.3764648438 12364.0000000000
463.8922729492 12379.0000000000
464.4075012207 12394.0000000000
464.9635314941 12409.0000000000
465.4922790527 12424.0000000000
466.0347290039 12439.0000000000
466.5665893555 12454.0000000000
467.1020202637 12469.0000000000
467.6082763672 12484.0000000000
468.1463317871 12499.0000000000
468.6660156250 12514.0000000000
469.1750488281 12529.0000000000
469.6342773438 12544.0000000000
470.1468811035 12559.0000000000
470.6428833008 12574.0000000000
471.1582946777 12589.0000000000
471.6875915527 12604.0000000000
472.1642761230 12619.0000000000
472.6599426270 12634.0000000000
473.1594238281 12649.0000000000
473.6520080566 12664.0000000000
474.1317749023 12679.0000000000
474.6046752930 12694.0000000000
475.1336364746 12709.0000000000
475.6859741211 12724.0000000000
476.2348327637 12739.0000000000
476.8066406250 12754.0000000000
477.3788757324 12769.0000000000
477.8584289551 12785.0000000000
478.3877258301 12800.0000000000
478.8936767578 12815.0000000000
479.4721984863 12830.0000000000
479.9721984863 12845.0000000000
480.5010070801 12860.0000000000
481.0169677734 12875.0000000000
481.5397338867 12890.0000000000
482.0885314941 12905.0000000000
482.6311340332 12920.0000000000
483.1696166992 12935.0000000000
483.6828613281 12950.0000000000
484.1922607422 12965.0000000000
484.7115783691 12980.0000000000
485.2637939453 12995.0000000000
485.8127441406 13010.0000000000
486.3220825195 13025.0000000000
486.8416748047 13040.0000000000
487.3445434570 13055.0000000000
487.9001159668 13070.0000000000
488.4426269531 13085.0000000000
489.0014038086 13100.0000000000
489.4585266113 13115.0000000000
489.9677734375 13130.0000000000
490.5103149414 13145.0000000000
491.0233764648 13160.0000000000
491.5032958984 13175.0000000000
492.0754394531 13190.0000000000
492.5814514160 13205.0000000000
493.1112365723 13220.0000000000
493.6699523926 13235.0000000000
494.1763305664 13250.0000000000
494.6860961914 13265.0000000000
495.2053222656 13280.0000000000
495.7413940430 13295.0000000000
496.2639465332 13310.0000000000
496.7936401367 13325.0000000000
497.3129882812 13340.0000000000
497.8490295410 13355.0000000000
498.3851013184 13370.0000000000
498.9309997559 13385.0000000000
499.4670104980 13400.0000000000
499.9666748047 13415.0000000000
500.4536132812 13430.0000000000
500.9667968750 13445.0000000000
501.4959716797 13460.0000000000
502.0158386230 13475.0000000000
502.5319824219 13490.0000000000
503.0450439453 13505.0000000000
503.5748596191 13520.0000000000
504.1041870117 13535.0000000000
504.6402587891 13550.0000000000
505.1762390137 13565.0000000000
505.7186584473 13580.0000000000
506.2254333496 13595.0000000000
506.7485961914 13610.0000000000
507.2778320312 13625.0000000000
507.7779235840 13640.0000000000
508.3272094727 13655.0000000000
508.8338317871 13670.0000000000
509.3636779785 13685.0000000000
509.8933105469 13700.0000000000
510.3703613281 13715.0000000000
510.8447570801 13730.0000000000
511.3218383789 13745.0000000000
511.7797546387 13760.0000000000
512.2929077148 13775.0000000000
512.7737426758 13790.0000000000
513.2445068359 13805.0000000000
513.7514648438 13820.0000000000
514.2640380859 13835.0000000000
514.8107299805 13850.0000000000
515.3432006836 13865.0000000000
515.8962402344 13880.0000000000
516.4159545898 13895.0000000000
516.9390869141 13910.0000000000
517.4296264648 13925.0000000000
517.9298095703 13940.0000000000
518.4304809570 13955.0000000000
518.9053955078 13970.0000000000
519.4019775391 13985.0000000000
519.8897705078 14000.0000000000
520.4197998047 14015.0000000000
520.9102783203 14030.0000000000
521.4105834961 14045.0000000000
521.8984375000 14060.0000000000
522.4181518555 14075.0000000000
522.9317016602 14090.0000000000
523.4324340820 14105.0000000000
523.9036254883 14120.0000000000
524.4401855469 14135.0000000000
524.9599609375 14150.0000000000
525.4542846680 14165.0000000000
525.9489746094 14180.0000000000
526.4918212891 14195.0000000000
527.0241699219 14210.0000000000
527.5668334961 14225.0000000000
528.1203002930 14240.0000000000
528.6526489258 14255.0000000000
529.1663208008 14270.0000000000
529.6773681641 14285.0000000000
530.1745605469 14300.0000000000
530.6754150391 14315.0000000000
531.1826171875 14330.0000000000
531.7023925781 14345.0000000000
532.2265014648 14360.0000000000
532.7463378906 14375.0000000000
533.2956542969 14390.0000000000
533.8449707031 14405.0000000000
534.3627929688 14420.0000000000
534.8408203125 14435.0000000000
535.3189697266 14450.0000000000
535.8389282227 14465.0000000000
536.3336791992 14480.0000000000
536.8077392578 14495.0000000000
537.3090209961 14510.0000000000
537.8226928711 14525.0000000000
538.3470458984 14540.0000000000
538.8901367188 14555.0000000000
539.4037475586 14570.0000000000
539.9364624023 14585.0000000000
540.4606323242 14600.0000000000
540.9807128906 14615.0000000000
541.4946289062 14630.0000000000
542.0208129883 14645.0000000000
542.5635986328 14660.0000000000
543.0945434570 14675.0000000000
543.6149291992 14690.0000000000
544.0870361328 14705.0000000000
544.6135864258 14720.0000000000
545.0563354492 14735.0000000000
545.5996093750 14750.0000000000
546.0967407227 14765.0000000000
546.6214599609 14780.0000000000
547.1185302734 14795.0000000000
547.6619873047 14810.0000000000
548.1756591797 14825.0000000000
548.6961669922 14840.0000000000
549.1975708008 14855.0000000000
549.7054443359 14870.0000000000
550.1967773438 14885.0000000000
550.6817626953 14900.0000000000
551.1667480469 14915.0000000000
551.6685180664 14930.0000000000
552.1660156250 14945.0000000000
552.6741333008 14960.0000000000
553.1836547852 14975.0000000000
553.7088012695 14990.0000000000
554.2351074219 15005.0000000000
554.7554931641 15020.0000000000
555.2758789062 15035.0000000000
555.7720947266 15050.0000000000
556.2693481445 15065.0000000000
556.8067626953 15080.0000000000
557.3165283203 15095.0000000000
557.8186035156 15110.0000000000
558.3268432617 15125.0000000000
558.8248291016 15140.0000000000
559.3510131836 15155.0000000000
559.8886108398 15170.0000000000
560.4029541016 15185.0000000000
560.9005737305 15200.0000000000
561.4152221680 15215.0000000000
561.9357299805 15230.0000000000
562.4793701172 15245.0000000000
562.9937133789 15260.0000000000
563.4915161133 15275.0000000000
564.0122070312 15290.0000000000
564.5390625000 15305.0000000000
565.0474243164 15320.0000000000
565.5162963867 15335.0000000000
566.0313110352 15350.0000000000
566.5349121094 15365.0000000000
567.0375976562 15380.0000000000
567.5355834961 15395.0000000000
568.0043334961 15410.0000000000
568.5189819336 15425.0000000000
569.0460815430 15440.0000000000
569.5487060547 15455.0000000000
570.0240478516 15470.0000000000
570.5159912109 15485.0000000000
571.0023193359 15500.0000000000
571.5061035156 15515.0000000000
572.0150756836 15530.0000000000
572.5191650391 15545.0000000000
573.0631103516 15560.0000000000
573.5960083008 15575.0000000000
574.0942993164 15590.0000000000
574.6033935547 15605.0000000000
575.1530761719 15620.0000000000
575.7027587891 15635.0000000000
576.2128295898 15650.0000000000
576.7279052734 15665.0000000000
577.2144775391 15680.0000000000
577.7188110352 15695.0000000000
578.2567749023 15710.0000000000
578.7668457031 15725.0000000000
579.2938842773 15740.0000000000
579.7866210938 15755.0000000000
580.3017578125 15770.0000000000
580.8118286133 15785.0000000000
581.3502197266 15800.0000000000
581.8998413086 15815.0000000000
582.3871459961 15830.0000000000
582.9026489258 15845.0000000000
583.4297485352 15860.0000000000
583.9798583984 15875.0000000000
584.5011596680 15890.0000000000
585.0339355469 15905.0000000000
585.5721435547 15920.0000000000
586.0994262695 15935.0000000000
586.5922851562 15950.0000000000
587.0848999023 15965.0000000000
587.5784912109 15980.0000000000
588.0428466797 15995.0000000000
588.5701293945 16010.0000000000
589.0629272461 16026.0000000000
589.5959472656 16041.0000000000
590.0833129883 16056.0000000000
590.5764770508 16071.0000000000
591.0698242188 16086.0000000000
591.5460815430 16101.0000000000
592.0844116211 16116.0000000000
592.6176757812 16131.0000000000
593.1390380859 16146.0000000000
593.6439819336 16161.0000000000
594.1430053711 16176.0000000000
594.6251831055 16191.0000000000
595.1126708984 16206.0000000000
595.6007690430 16221.0000000000
596.0659179688 16236.0000000000
596.5706787109 16251.0000000000
597.0925903320 16266.0000000000
597.6484985352 16281.0000000000
598.1365966797 16296.0000000000
598.6584472656 16311.0000000000
599.1914672852 16326.0000000000
599.7420043945 16341.0000000000
600.2469482422 16356.0000000000
600.7747192383 16371.0000000000
601.2906494141 16386.0000000000
601.7959594727 16401.0000000000
602.3350830078 16416.0000000000
602.8571777344 16431.0000000000
603.3623657227 16446.0000000000
603.8787231445 16461.0000000000
604.3951416016 16476.0000000000
604.9116210938 16491.0000000000
605.4338378906 16506.0000000000
605.9505004883 16521.0000000000
606.4558105469 16536.0000000000
606.9667968750 16551.0000000000
607.4889526367 16566.0000000000
607.9829711914 16581.0000000000
608.4772949219 16596.0000000000
608.9040527344 16611.0000000000
